MON-VER - 0A 04 46 00 33 2E 30 31 20 20 20 20 4A 75 6C 20 30 35 20 32 30 30 34 20 31 30 3A 35 34 3A 35 39 00 01 30 30 30 30 30 30 34 30 00 00 54 4C 50 31 2E 32 20 20 4A 75 6C 20 30 35 20 32 30 30 34 20 31 30 3A 35 37 3A 32 33 00 00
CFG-ANT - 06 13 04 00 0B 00 0F 64
CFG-DAT - 06 06 02 00 00 00
CFG-FXN - 06 0E 24 00 12 00 00 00 C0 D4 01 00 C0 D4 01 00 C0 27 09 00 C0 27 09 00 A0 8C 00 00 40 77 1B 00 00 00 00 00 00 00 00 00
CFG-INF - 06 02 08 00 00 00 00 00 00 00 87 00
CFG-INF - 06 02 08 00 01 00 00 00 00 87 00 00
CFG-INF - 06 02 08 00 03 07 00 00 00 00 00 00
CFG-INF - 06 02 08 00 0C 00 00 00 00 00 00 00
CFG-INF - 06 02 08 00 0D 07 00 00 00 00 00 00
CFG-INF - 06 02 08 00 0E 00 00 00 00 00 00 00
CFG-INF - 06 02 08 00 0F 00 00 00 00 00 00 00
CFG-MSG - 06 01 06 00 01 01 00 00 00 00
CFG-MSG - 06 01 06 00 01 02 00 00 01 00
CFG-MSG - 06 01 06 00 01 03 00 01 01 00
CFG-MSG - 06 01 06 00 01 04 00 00 00 00
CFG-MSG - 06 01 06 00 01 06 00 00 01 00
CFG-MSG - 06 01 06 00 01 08 00 01 00 00
CFG-MSG - 06 01 06 00 01 11 00 00 00 00
CFG-MSG - 06 01 06 00 01 12 00 01 00 00
CFG-MSG - 06 01 06 00 01 20 00 00 00 00
CFG-MSG - 06 01 06 00 01 21 00 00 00 00
CFG-MSG - 06 01 06 00 01 22 00 00 00 00
CFG-MSG - 06 01 06 00 01 30 00 00 01 00
CFG-MSG - 06 01 06 00 01 31 00 00 00 00
CFG-MSG - 06 01 06 00 01 32 00 00 00 00
CFG-MSG - 06 01 06 00 02 10 00 00 00 00
CFG-MSG - 06 01 06 00 02 11 00 00 00 00
CFG-MSG - 06 01 06 00 02 20 00 00 00 00
CFG-MSG - 06 01 06 00 0A 01 00 00 01 00
CFG-MSG - 06 01 06 00 0A 02 00 00 01 00
CFG-MSG - 06 01 06 00 0A 03 00 00 00 00
CFG-MSG - 06 01 06 00 0A 06 00 00 00 00
CFG-MSG - 06 01 06 00 0A 07 00 00 00 00
CFG-MSG - 06 01 06 00 0A 08 00 00 01 00
CFG-MSG - 06 01 06 00 0A 09 00 00 00 00
CFG-MSG - 06 01 06 00 0B 00 00 00 00 00
CFG-MSG - 06 01 06 00 0B 30 00 00 00 00
CFG-MSG - 06 01 06 00 0B 31 00 00 00 00
CFG-MSG - 06 01 06 00 0D 01 00 00 00 00
CFG-MSG - 06 01 06 00 0D 02 00 00 00 00
CFG-MSG - 06 01 06 00 F0 00 00 01 00 00
CFG-MSG - 06 01 06 00 F0 01 00 01 00 00
CFG-MSG - 06 01 06 00 F0 02 00 01 00 00
CFG-MSG - 06 01 06 00 F0 03 00 01 00 00
CFG-MSG - 06 01 06 00 F0 04 00 01 00 00
CFG-MSG - 06 01 06 00 F0 05 00 01 00 00
CFG-MSG - 06 01 06 00 F0 06 00 00 00 00
CFG-MSG - 06 01 06 00 F0 07 00 00 00 00
CFG-MSG - 06 01 06 00 F0 08 00 01 00 00
CFG-MSG - 06 01 06 00 F1 00 00 00 00 00
CFG-MSG - 06 01 06 00 F1 01 00 00 00 00
CFG-MSG - 06 01 06 00 F1 03 00 00 00 00
CFG-MSG - 06 01 06 00 F1 04 00 00 00 00
CFG-NAV - 06 03 1C 00 06 03 10 18 14 05 00 3C 3C 14 E8 03 00 00 00 17 FA 00 FA 00 64 00 2C 01 0F 00 00 00
CFG-NMEA - 06 17 04 00 00 23 00 00
CFG-PRT - 06 00 14 00 01 00 00 00 D0 08 00 00 00 96 00 00 07 00 01 00 00 00 00 00
CFG-PRT - 06 00 14 00 02 00 00 00 D0 08 00 00 00 E1 00 00 07 00 03 00 00 00 00 00
CFG-RATE - 06 08 06 00 FA 00 01 00 00 00
CFG-RXM - 06 11 02 00 00 00
CFG-SBAS - 06 16 08 00 01 01 01 00 00 00 00 00
CFG-TM - 06 10 0C 00 1F 00 00 00 E8 03 00 00 00 00 00 00
CFG-TP - 06 07 14 00 40 42 0F 00 A0 86 01 00 01 01 00 00 32 00 34 03 00 00 00 00
