15.550 61 ESTIMATOR 0. 0.
15.650 61 WP_MOVED 10 360453.8125 4813581. 75. 31
15.688 61 NAVIGATION 0 2 0 0 0. 0.
15.850 61 DOWNLINK 209 269 86
15.934 61 COMMANDS 0,-9600,-2842
15.934 61 NAVIGATION 0 2 0 0 0. 0.
15.950 61 ATTITUDE -3.098142 0. 1.191078
16.033 61 FBW_STATUS 2 1 35
16.051 61 ESTIMATOR 0. 0.
16.051 61 BAT 0 35 0 1 17 0 0
16.051 61 GPS_SOL 0 0 0 0
16.112 61 DOWNLINK_STATUS 5 1617 93 0 337. 19. 0.
16.151 61 WP_MOVED 11 360170.5 4813757.5 75. 31
16.184 61 NAVIGATION 0 2 0 0 0. 0.
16.250 61 DESIRED 0. 0. 0. 0. 0. 50. 0.
16.433 61 NAVIGATION 0 2 0 0 0. 0.
16.450 61 ATTITUDE -3.092719 0. 1.192099
16.450 61 DL_VALUE 11 120.
16.550 61 ESTIMATOR 0. 0.
16.602 61 PONG 
16.650 61 WP_MOVED 0 360327. 4813637. 75. 31
16.651 61 IR_SENSORS 363 -379 -964 -20 -363
16.683 61 NAVIGATION 0 2 0 0 0. 0.
16.933 61 COMMANDS 0,-9600,-2823
16.934 61 NAVIGATION 0 2 0 0 0. 0.
16.950 61 ATTITUDE -3.092851 0. 1.19052
16.950 61 CALIBRATION 0. 0
17.033 61 FBW_STATUS 2 1 35
17.050 61 ESTIMATOR 0. 0.
17.116 61 DOWNLINK_STATUS 6 1901 110 0 284. 17. 2.14
17.150 61 WP_MOVED 1 360285. 4813595. 75. 31
17.150 61 BAT 0 37 0 1 18 0 0
17.183 61 NAVIGATION 0 2 0 0 0. 0.
17.300 61 DESIRED 0. 0. 0. 0. 0. 50. 0.
17.433 61 NAVIGATION 0 2 0 0 0. 0.
17.450 61 ATTITUDE -3.092851 0. 1.19052
17.550 61 ESTIMATOR 0. 0.
17.650 61 WP_MOVED 2 360334.5 4813695. 75. 31
17.683 61 NAVIGATION 0 2 0 0 0. 0.
17.850 61 IR_SENSORS 371 -383 -980 -15 -371
17.933 61 COMMANDS 0,-9600,-2843
17.934 61 NAVIGATION 0 2 0 0 0. 0.
17.950 61 ATTITUDE -3.092719 0. 1.192099
17.950 61 DL_VALUE 12 0.
18.033 61 FBW_STATUS 2 1 35
18.050 61 ESTIMATOR 0. 0.
18.051 61 GPS_SOL 0 0 0 0
18.120 61 DOWNLINK_STATUS 7 2203 127 0 302. 17. 2.14
18.150 61 WP_MOVED 3 360295.09375 4813785. 75. 31
18.183 61 NAVIGATION 0 2 0 0 0. 0.
18.250 61 BAT 0 35 0 1 19 0 0
18.350 61 DESIRED 0. 0. 0. 0. 0. 50. 0.
18.433 61 NAVIGATION 0 2 0 0 0. 0.
18.450 61 ATTITUDE -3.098142 0. 1.19176
18.550 61 ESTIMATOR 0. 0.
18.650 61 WP_MOVED 4 360417.3125 4813734. 75. 31
18.651 61 NAVIGATION_REF 360285 4813595 31
18.683 61 NAVIGATION 0 2 0 0 0. 0.
18.933 61 COMMANDS 0,-9600,-2820
18.934 61 NAVIGATION 0 2 0 0 0. 0.
18.950 61 ATTITUDE -3.10367 0. 1.19188
19.033 61 FBW_STATUS 2 1 35
19.051 61 ESTIMATOR 0. 0.
19.051 61 IR_SENSORS 362 -381 -965 -24 -363
19.051 61 CALIBRATION 0. 0
19.124 61 DOWNLINK_STATUS 8 2503 144 0 300. 17. 2.14
19.133 61 ACTUATORS 1550,0,1781,0,0,0,1622
19.150 61 WP_MOVED 5 360422. 4813583.5 75. 31
19.183 61 NAVIGATION 0 2 0 0 0. 0.
19.350 61 BAT 0 35 0 1 20 0 0
19.400 61 DESIRED 0. 0. 0. 0. 0. 50. 0.
19.433 61 NAVIGATION 0 2 0 0 0. 0.
19.451 61 ATTITUDE -3.092851 0. 1.19052
19.451 61 DL_VALUE 13 0.017453
19.551 61 ESTIMATOR 0. 0.
19.651 61 WP_MOVED 6 360165.8125 4813664.5 75. 31
19.683 61 NAVIGATION 0 2 0 0 0. 0.
19.934 61 COMMANDS 0,-9600,-2831
19.934 61 NAVIGATION 0 2 0 0 0. 0.
19.950 61 ATTITUDE -3.10367 0. 1.190178
20.033 61 FBW_STATUS 2 1 35
20.051 61 ESTIMATOR 0. 0.
20.051 61 GPS_SOL 0 0 0 0
20.128 61 DOWNLINK_STATUS 9 2810 161 0 307. 17. 2.14
20.150 61 WP_MOVED 7 360559.40625 4813804.5 75. 31
20.183 61 NAVIGATION 0 2 0 0 0. 0.
20.250 61 IR_SENSORS 368 -381 -973 -16 -368
20.350 61 ALIVE 149,54,130,206,152,246,141,80,63,60,21,203,41,54,86,92
20.433 61 NAVIGATION 0 2 0 0 0. 0.
20.451 61 ATTITUDE -3.100965 0. 1.19052
20.451 61 DESIRED 0. 0. 0. 0. 0. 50. 0.
20.451 61 BAT 0 35 0 1 21 0 0
20.451 61 PPRZ_MODE 2 0 0 0 0 6
20.550 61 ESTIMATOR 0. 0.
20.652 61 WP_MOVED 8 360462.40625 4813640. 30. 31
20.683 61 NAVIGATION 0 2 0 0 0. 0.
20.934 61 COMMANDS 0,-9600,-2842
20.934 61 NAVIGATION 0 2 0 0 0. 0.
20.951 61 ATTITUDE -3.090008 0. 1.19176
20.951 61 DL_VALUE 14 1.3
20.951 61 DOWNLINK 209 315 178
21.033 61 FBW_STATUS 2 1 35
21.052 61 ESTIMATOR 0. 0.
21.132 61 DOWNLINK_STATUS 10 3141 180 0 331. 19. 2.14
21.150 61 WP_MOVED 9 360313.8125 4813652. 0. 31
21.151 61 CALIBRATION 0. 0
21.183 61 NAVIGATION 0 2 0 0 0. 0.
21.433 61 NAVIGATION 0 2 0 0 0. 0.
21.449 61 ATTITUDE -3.090147 0. 1.190861
21.450 61 IR_SENSORS 367 -382 -973 -19 -369
21.500 61 DESIRED 0. 0. 0. 0. 0. 50. 0.
21.559 61 ESTIMATOR 0. 0.
21.560 61 BAT 0 35 0 1 22 0 0
21.606 61 PONG 
21.649 61 WP_MOVED 10 360453.8125 4813581. 75. 31
21.683 61 NAVIGATION 0 2 0 0 0. 0.
21.934 61 COMMANDS 0,-9600,-2831
21.934 61 NAVIGATION 0 2 0 0 0. 0.
21.949 61 ATTITUDE -3.098259 0. 1.190861
22.033 61 FBW_STATUS 2 1 35
22.049 61 ESTIMATOR 0. 0.
22.049 61 GPS_SOL 0 0 0 0
22.136 61 DOWNLINK_STATUS 11 3449 198 0 308. 18. 2.19
22.149 61 WP_MOVED 11 360170.5 4813757.5 75. 31
22.183 61 NAVIGATION 0 2 0 0 0. 0.
22.433 61 NAVIGATION 0 2 0 0 0. 0.
22.449 61 ATTITUDE -3.092851 0. 1.191201
22.450 61 DL_VALUE 15 1.3
22.550 61 ESTIMATOR 0. 0.
22.550 61 DESIRED 0. 0. 0. 0. 0. 50. 0.
22.650 61 WP_MOVED 0 360327. 4813637. 75. 31
22.650 61 BAT 0 36 0 1 23 0 0
22.650 61 IR_SENSORS 364 -380 -967 -20 -365
22.684 61 NAVIGATION 0 2 0 0 0. 0.
22.934 61 COMMANDS 0,-9600,-2837
22.934 61 NAVIGATION 0 2 0 0 0. 0.
22.949 61 ATTITUDE -3.100854 0. 1.192099
23.033 61 FBW_STATUS 2 1 35
23.049 61 ESTIMATOR 0. 0.
23.140 61 DOWNLINK_STATUS 12 3734 214 0 285. 16. 2.19
23.149 61 WP_MOVED 1 360285. 4813595. 75. 31
23.183 61 NAVIGATION 0 2 0 0 0. 0.
23.249 61 CALIBRATION 0. 0
23.433 61 NAVIGATION 0 2 0 0 0. 0.
23.449 61 ATTITUDE -3.100744 0. 1.192319
23.549 61 ESTIMATOR 0. 0.
23.600 61 DESIRED 0. 0. 0. 0. 0. 50. 0.
23.649 61 WP_MOVED 2 360334.5 4813695. 75. 31
23.683 61 NAVIGATION 0 2 0 0 0. 0.
23.749 61 BAT 0 35 0 1 24 0 0
23.849 61 IR_SENSORS 371 -382 -978 -14 -371
23.933 61 COMMANDS 0,-9600,-2823
23.934 61 NAVIGATION 0 2 0 0 0. 0.
23.949 61 ATTITUDE -3.087298 0. 1.192099
23.950 61 DL_VALUE 16 1.
24.033 61 FBW_STATUS 2 1 35
24.049 61 ESTIMATOR 0. 0.
24.050 61 GPS_SOL 0 0 0 0
24.133 61 ACTUATORS 1550,0,1780,0,0,0,1623
24.144 61 DOWNLINK_STATUS 13 4068 233 0 334. 19. 2.19
24.149 61 WP_MOVED 3 360295.09375 4813785. 75. 31
24.184 61 NAVIGATION 0 2 0 0 0. 0.
24.434 61 NAVIGATION 0 2 0 0 0. 0.
24.449 61 ATTITUDE -3.092851 0. 1.19052
24.549 61 ESTIMATOR 0. 0.
24.650 61 WP_MOVED 4 360417.3125 4813734. 75. 31
24.650 61 DESIRED 0. 0. 0. 0. 0. 50. 0.
24.683 61 NAVIGATION 0 2 0 0 0. 0.
24.849 61 BAT 0 34 0 1 25 0 0
24.932 61 COMMANDS 0,-9600,-2833
24.933 61 NAVIGATION 0 2 0 0 0. 0.
24.949 61 ATTITUDE -3.098376 0. 1.190984
25.032 61 FBW_STATUS 2 1 35
25.049 61 ESTIMATOR 0. 0.
25.049 61 IR_SENSORS 365 -381 -969 -20 -364
25.148 61 DOWNLINK_STATUS 14 4342 248 0 274. 15. 2.19
25.149 61 WP_MOVED 5 360422. 4813583.5 75. 31
25.183 61 NAVIGATION 0 2 0 0 0. 0.
25.349 61 CALIBRATION 0. 0
25.350 61 ALIVE 149,54,130,206,152,246,141,80,63,60,21,203,41,54,86,92
25.432 61 NAVIGATION 0 2 0 0 0. 0.
25.450 61 ATTITUDE -3.092719 0. 1.192099
25.450 61 DL_VALUE 17 1.
25.450 61 PPRZ_MODE 2 0 0 0 0 6
25.549 61 ESTIMATOR 0. 0.
25.649 61 WP_MOVED 6 360165.8125 4813664.5 75. 31
25.682 61 NAVIGATION 0 2 0 0 0. 0.
25.699 61 DESIRED 0. 0. 0. 0. 0. 50. 0.
25.932 61 COMMANDS 0,-9600,-2836
25.933 61 NAVIGATION 0 2 0 0 0. 0.
25.949 61 ATTITUDE -3.087151 0. 1.192319
25.950 61 BAT 0 35 0 1 27 0 0
26.032 61 FBW_STATUS 2 1 35
26.049 61 ESTIMATOR 0. 0.
26.050 61 GPS_SOL 0 0 0 0
26.050 61 DOWNLINK 209 307 268
26.150 61 WP_MOVED 7 360559.40625 4813804.5 75. 31
26.150 61 DOWNLINK_STATUS 15 4705 269 0 363. 21. 2.19
26.182 61 NAVIGATION 0 2 0 0 0. 0.
26.249 61 IR_SENSORS 368 -381 -973 -16 -367
26.432 61 NAVIGATION 0 2 0 0 0. 0.
26.449 61 ATTITUDE -3.100965 0. 1.19052
26.549 61 ESTIMATOR 0. 0.
26.610 61 PONG 
26.616 61 WIND_INFO 61 42 0. 0. 0.
26.618 61 WIND_INFO_RET 0. 0. 0.
26.656 61 WP_MOVED 8 360462.40625 4813640. 30. 31
26.682 61 NAVIGATION 0 2 0 0 0. 0.
26.749 61 DESIRED 0. 0. 0. 0. 0. 50. 0.
26.932 61 COMMANDS 0,-9600,-2834
26.933 61 NAVIGATION 0 2 0 0 0. 0.
26.949 61 ATTITUDE -3.092851 0. 1.191201
26.949 61 DL_VALUE 18 1.
27.032 61 FBW_STATUS 2 1 35
27.049 61 ESTIMATOR 0. 0.
27.050 61 BAT 0 36 0 1 28 0 0
27.150 61 WP_MOVED 9 360313.8125 4813652. 0. 31
27.150 61 DOWNLINK_STATUS 16 5014 287 0 309. 18. 2.2
27.182 61 NAVIGATION 0 2 0 0 0. 0.
27.432 61 NAVIGATION 0 2 0 0 0. 0.
27.450 61 ATTITUDE -3.098259 0. 1.19188
27.450 61 IR_SENSORS 369 -382 -976 -16 -369
27.450 61 CALIBRATION 0. 0
27.549 61 ESTIMATOR 0. 0.
27.650 61 WP_MOVED 10 360453.8125 4813581. 75. 31
27.650 61 NAVIGATION_REF 360285 4813595 31
27.682 61 NAVIGATION 0 2 0 0 0. 0.
27.799 61 DESIRED 0. 0. 0. 0. 0. 50. 0.
27.932 61 COMMANDS 0,-9600,-2826
27.933 61 NAVIGATION 0 2 0 0 0. 0.
27.949 61 ATTITUDE -3.098142 0. 1.192777
28.035 61 FBW_STATUS 2 1 35
28.049 61 ESTIMATOR 0. 0.
28.049 61 GPS_SOL 0 0 0 0
28.150 61 WP_MOVED 11 360170.5 4813757.5 75. 31
28.150 61 BAT 0 36 0 1 29 0 0
28.150 61 DOWNLINK_STATUS 17 5331 305 0 317. 18. 2.2
28.182 61 NAVIGATION 0 2 0 0 0. 0.
28.432 61 NAVIGATION 0 2 0 0 0. 0.
28.449 61 ATTITUDE -3.090147 0. 1.19188
28.449 61 DL_VALUE 19 1.
28.549 61 ESTIMATOR 0. 0.
28.650 61 WP_MOVED 0 360327. 4813637. 75. 31
28.650 61 IR_SENSORS 363 -380 -965 -22 -364
28.682 61 NAVIGATION 0 2 0 0 0. 0.
28.849 61 DESIRED 0. 0. 0. 0. 0. 50. 0.
28.932 61 COMMANDS 0,-9600,-2855
28.933 61 NAVIGATION 0 2 0 0 0. 0.
28.949 61 ATTITUDE -3.090147 0. 1.19188
29.032 61 FBW_STATUS 2 1 35
29.049 61 ESTIMATOR 0. 0.
29.132 61 ACTUATORS 1550,0,1781,0,0,0,1622
29.150 61 WP_MOVED 1 360285. 4813595. 75. 31
29.150 61 DOWNLINK_STATUS 18 5619 321 0 288. 16. 2.2
29.182 61 NAVIGATION 0 2 0 0 0. 0.
29.249 61 BAT 0 37 0 1 30 0 0
29.432 61 NAVIGATION 0 2 0 0 0. 0.
29.449 61 ATTITUDE -3.090147 0. 1.19188
29.549 61 ESTIMATOR 0. 0.
29.556 61 CALIBRATION 0. 0
29.649 61 WP_MOVED 2 360334.5 4813695. 75. 31
29.682 61 NAVIGATION 0 2 0 0 0. 0.
29.849 61 IR_SENSORS 370 -381 -976 -14 -370
29.899 61 DESIRED 0. 0. 0. 0. 0. 50. 0.
29.932 61 COMMANDS 0,-9600,-2836
29.933 61 NAVIGATION 0 2 0 0 0. 0.
29.949 61 ATTITUDE -3.092719 0. 1.192099
29.950 61 DL_VALUE 20 1.
30.032 61 FBW_STATUS 2 1 35
30.049 61 ESTIMATOR 0. 0.
30.049 61 GPS_SOL 0 0 0 0
30.150 61 WP_MOVED 3 360295.09375 4813785. 75. 31
30.150 61 DOWNLINK_STATUS 19 5932 339 0 313. 18. 2.2
30.182 61 NAVIGATION 0 2 0 0 0. 0.
30.349 61 BAT 0 34 0 1 31 0 0
30.350 61 ALIVE 149,54,130,206,152,246,141,80,63,60,21,203,41,54,86,92
30.432 61 NAVIGATION 0 2 0 0 0. 0.
30.449 61 ATTITUDE -3.092851 0. 1.191201
30.450 61 PPRZ_MODE 2 0 0 0 0 6
30.549 61 ESTIMATOR 0. 0.
30.650 61 WP_MOVED 4 360417.3125 4813734. 75. 31
30.682 61 NAVIGATION 0 2 0 0 0. 0.
30.933 61 COMMANDS 0,-9600,-2843
30.933 61 NAVIGATION 0 2 0 0 0. 0.
30.950 61 ATTITUDE -3.087445 0. 1.191201
30.950 61 DESIRED 0. 0. 0. 0. 0. 50. 0.
31.032 61 FBW_STATUS 2 1 35
31.049 61 ESTIMATOR 0. 0.
31.049 61 IR_SENSORS 363 -382 -968 -24 -365
31.150 61 WP_MOVED 5 360422. 4813583.5 75. 31
31.150 61 DOWNLINK 209 307 357
31.150 61 DOWNLINK_STATUS 20 6252 357 0 320. 18. 2.2
31.182 61 NAVIGATION 0 2 0 0 0. 0.
31.432 61 NAVIGATION 0 2 0 0 0. 0.
31.450 61 ATTITUDE -3.090008 0. 1.192777
31.450 61 BAT 0 35 0 1 32 0 0
31.450 61 DL_VALUE 21 7600.
31.549 61 ESTIMATOR 0. 0.
31.614 61 PONG 
31.649 61 WP_MOVED 6 360165.8125 4813664.5 75. 31
31.650 61 CALIBRATION 0. 0
31.682 61 NAVIGATION 0 2 0 0 0. 0.
31.932 61 COMMANDS 0,-9600,-2846
31.933 61 NAVIGATION 0 2 0 0 0. 0.
31.949 61 ATTITUDE -3.090008 0. 1.192777
31.999 61 DESIRED 0. 0. 0. 0. 0. 50. 0.
32.032 61 FBW_STATUS 2 1 35
32.049 61 ESTIMATOR 0. 0.
32.049 61 GPS_SOL 0 0 0 0
32.150 61 WP_MOVED 7 360559.40625 4813804.5 75. 31
32.150 61 DOWNLINK_STATUS 21 6555 375 0 303. 18. 2.2
32.182 61 NAVIGATION 0 2 0 0 0. 0.
32.249 61 IR_SENSORS 368 -382 -974 -18 -369
32.432 61 NAVIGATION 0 2 0 0 0. 0.
32.449 61 ATTITUDE -3.092719 0. 1.192099
32.549 61 ESTIMATOR 0. 0.
32.549 61 BAT 0 35 0 1 33 0 0
32.649 61 WP_MOVED 8 360462.40625 4813640. 30. 31
32.682 61 NAVIGATION 0 2 0 0 0. 0.
32.932 61 COMMANDS 0,-9600,-2856
32.933 61 NAVIGATION 0 2 0 0 0. 0.
32.949 61 ATTITUDE -3.087298 0. 1.192099
32.949 61 DL_VALUE 22 0.7
33.032 61 FBW_STATUS 2 1 35
33.048 61 ESTIMATOR 0. 0.
33.049 61 DESIRED 0. 0. 0. 0. 0. 50. 0.
33.149 61 WP_MOVED 9 360313.8125 4813652. 0. 31
33.149 61 DOWNLINK_STATUS 22 6840 391 0 285. 16. 2.2
33.182 61 NAVIGATION 0 2 0 0 0. 0.
33.432 61 NAVIGATION 0 2 0 0 0. 0.
33.448 61 ATTITUDE -3.081881 0. 1.192777
33.449 61 IR_SENSORS 367 -384 -976 -22 -368
33.548 61 ESTIMATOR 0. 0.
33.649 61 WP_MOVED 10 360453.8125 4813581. 75. 31
33.649 61 BAT 0 36 0 1 34 0 0
33.682 61 NAVIGATION 0 2 0 0 0. 0.
33.748 61 CALIBRATION 0. 0
33.933 61 COMMANDS 0,-9600,-2867
33.933 61 NAVIGATION 0 2 0 0 0. 0.
33.948 61 ATTITUDE -3.090286 0. 1.190984
34.032 61 FBW_STATUS 2 1 35
34.048 61 ESTIMATOR 0. 0.
34.049 61 GPS_SOL 0 0 0 0
34.101 61 DESIRED 0. 0. 0. 0. 0. 50. 0.
34.132 61 ACTUATORS 1550,0,1780,0,0,0,1623
34.149 61 WP_MOVED 11 360170.5 4813757.5 75. 31
34.149 61 DOWNLINK_STATUS 23 7163 409 0 323. 18. 2.2
34.182 61 NAVIGATION 0 2 0 0 0. 0.
34.432 61 NAVIGATION 0 2 0 0 0. 0.
34.448 61 ATTITUDE -3.092851 0. 1.191201
34.448 61 DL_VALUE 23 -5500.
34.548 61 ESTIMATOR 0. 0.
34.652 61 WP_MOVED 0 360327. 4813637. 75. 31
34.652 61 IR_SENSORS 367 -382 -973 -19 -365
34.682 61 NAVIGATION 0 2 0 0 0. 0.
34.748 61 BAT 0 35 0 1 35 0 0
34.932 61 COMMANDS 0,-9600,-2845
34.932 61 NAVIGATION 0 2 0 0 0. 0.
34.948 61 ATTITUDE -3.090008 0. 1.193452
35.032 61 FBW_STATUS 2 1 35
35.048 61 ESTIMATOR 0. 0.
35.148 61 WP_MOVED 1 360285. 4813595. 75. 31
35.149 61 DESIRED 0. 0. 0. 0. 0. 50. 0.
35.149 61 DOWNLINK_STATUS 24 7448 425 0 285. 16. 2.2
35.182 61 NAVIGATION 0 2 0 0 0. 0.
35.348 61 ALIVE 149,54,130,206,152,246,141,80,63,60,21,203,41,54,86,92
35.432 61 NAVIGATION 0 2 0 0 0. 0.
35.448 61 ATTITUDE -3.087298 0. 1.193115
35.449 61 PPRZ_MODE 2 0 0 0 0 6
35.548 61 ESTIMATOR 0. 0.
35.648 61 WP_MOVED 2 360334.5 4813695. 75. 31
35.704 61 NAVIGATION 0 2 0 0 0. 0.
35.849 61 BAT 0 34 0 1 36 0 0
35.849 61 IR_SENSORS 370 -382 -977 -15 -371
35.849 61 CALIBRATION 0. 0
35.931 61 COMMANDS 0,-9600,-2861
35.932 61 NAVIGATION 0 2 0 0 0. 0.
35.948 61 ATTITUDE -3.092851 0. 1.19052
35.948 61 DL_VALUE 24 0.4
36.031 61 FBW_STATUS 2 1 35
36.048 61 ESTIMATOR 0. 0.
36.048 61 GPS_SOL 0 0 0 0
36.149 61 WP_MOVED 3 360295.09375 4813785. 75. 31
36.149 61 DOWNLINK_STATUS 25 7762 444 0 314. 19. 2.2
36.182 61 NAVIGATION 0 2 0 0 0. 0.
36.198 61 DESIRED 0. 0. 0. 0. 0. 50. 0.
36.248 61 DOWNLINK 209 308 447
36.432 61 NAVIGATION 0 2 0 0 0. 0.
36.448 61 ATTITUDE -3.087298 0. 1.193115
36.548 61 ESTIMATOR 0. 0.
36.617 61 WIND_INFO 61 42 0. 0. 0.
36.618 61 PONG 
36.619 61 WIND_INFO_RET 0. 0. 0.
36.648 61 WP_MOVED 4 360417.3125 4813734. 75. 31
36.649 61 NAVIGATION_REF 360285 4813595 31
36.682 61 NAVIGATION 0 2 0 0 0. 0.
36.931 61 COMMANDS 0,-9600,-2838
36.932 61 NAVIGATION 0 2 0 0 0. 0.
36.949 61 ATTITUDE -3.090008 0. 1.193452
36.949 61 BAT 0 35 0 1 38 0 0
37.031 61 FBW_STATUS 2 1 35
37.049 61 ESTIMATOR 0. 0.
37.049 61 IR_SENSORS 364 -382 -969 -23 -365
37.149 61 WP_MOVED 5 360422. 4813583.5 75. 31
37.149 61 DOWNLINK_STATUS 26 8086 463 0 324. 19. 2.17
37.181 61 NAVIGATION 0 2 0 0 0. 0.
37.249 61 DESIRED 0. 0. 0. 0. 0. 50. 0.
37.431 61 NAVIGATION 0 2 0 0 0. 0.
37.449 61 ATTITUDE -3.087298 0. 1.192099
37.449 61 DL_VALUE 25 1200.
37.548 61 ESTIMATOR 0. 0.
37.650 61 WP_MOVED 6 360165.8125 4813664.5 75. 31
37.681 61 NAVIGATION 0 2 0 0 0. 0.
37.931 61 COMMANDS 0,-9600,-2854
37.931 61 NAVIGATION 0 2 0 0 0. 0.
37.948 61 ATTITUDE -3.090008 0. 1.19176
37.948 61 CALIBRATION 0. 0
38.031 61 FBW_STATUS 2 1 35
38.048 61 ESTIMATOR 0. 0.
38.048 61 BAT 0 35 0 1 39 0 0
38.048 61 GPS_SOL 0 0 0 0
38.148 61 WP_MOVED 7 360559.40625 4813804.5 75. 31
38.148 61 DOWNLINK_STATUS 27 8383 480 0 297. 17. 2.17
38.181 61 NAVIGATION 0 2 0 0 0. 0.
38.248 61 IR_SENSORS 367 -383 -974 -20 -369
38.298 61 DESIRED 0. 0. 0. 0. 0. 50. 0.
38.432 61 NAVIGATION 0 2 0 0 0. 0.
38.448 61 ATTITUDE -3.082042 0. 1.19188
38.548 61 ESTIMATOR 0. 0.
38.648 61 WP_MOVED 8 360462.40625 4813640. 30. 31
38.681 61 NAVIGATION 0 2 0 0 0. 0.
38.931 61 COMMANDS 0,-9600,-2854
38.932 61 NAVIGATION 0 2 0 0 0. 0.
38.948 61 ATTITUDE -3.092851 0. 1.192219
38.948 61 DL_VALUE 26 0.
39.031 61 FBW_STATUS 2 1 35
39.048 61 ESTIMATOR 0. 0.
39.131 61 ACTUATORS 1550,0,1781,0,0,0,1622
39.149 61 DOWNLINK_STATUS 28 8651 495 0 268. 15. 2.17
39.149 61 WP_MOVED 9 360313.8125 4813652. 0. 31
39.149 61 BAT 0 37 0 1 40 0 0
39.181 61 NAVIGATION 0 2 0 0 0. 0.
39.348 61 DESIRED 0. 0. 0. 0. 0. 50. 0.
39.431 61 NAVIGATION 0 2 0 0 0. 0.
39.448 61 ATTITUDE -3.092851 0. 1.191201
39.449 61 IR_SENSORS 368 -382 -974 -18 -369
39.548 61 ESTIMATOR 0. 0.
39.648 61 WP_MOVED 10 360453.8125 4813581. 75. 31
39.681 61 NAVIGATION 0 2 0 0 0. 0.
39.931 61 COMMANDS 0,-9600,-2846
39.932 61 NAVIGATION 0 2 0 0 0. 0.
39.948 61 ATTITUDE -3.087151 0. 1.192998
40.031 61 FBW_STATUS 2 1 35
40.049 61 ESTIMATOR 0. 0.
40.049 61 GPS_SOL 0 0 0 0
40.049 61 CALIBRATION 0. 0
40.149 61 WP_MOVED 11 360170.5 4813757.5 75. 31
40.149 61 DOWNLINK_STATUS 29 8973 513 0 322. 18. 2.17
40.181 61 NAVIGATION 0 2 0 0 0. 0.
40.248 61 BAT 0 35 0 1 41 0 0
40.348 61 ALIVE 149,54,130,206,152,246,141,80,63,60,21,203,41,54,86,92
40.398 61 DESIRED 0. 0. 0. 0. 0. 50. 0.
40.431 61 NAVIGATION 0 2 0 0 0. 0.
40.449 61 ATTITUDE -3.090147 0. 1.19188
40.449 61 DL_VALUE 27 0.
40.449 61 PPRZ_MODE 2 0 0 0 0 6
40.548 61 ESTIMATOR 0. 0.
40.649 61 WP_MOVED 0 360327. 4813637. 75. 31
40.649 61 IR_SENSORS 366 -383 -973 -22 -366
40.681 61 NAVIGATION 0 2 0 0 0. 0.
40.931 61 COMMANDS 0,-9600,-2847
40.932 61 NAVIGATION 0 2 0 0 0. 0.
40.948 61 ATTITUDE -3.087445 0. 1.192219
41.031 61 FBW_STATUS 2 1 35
41.048 61 ESTIMATOR 0. 0.
41.149 61 WP_MOVED 1 360285. 4813595. 75. 31
41.149 61 DOWNLINK_STATUS 30 9293 531 0 320. 18. 2.17
41.181 61 NAVIGATION 0 2 0 0 0. 0.
41.348 61 BAT 0 35 0 1 42 0 0
41.349 61 DOWNLINK 209 297 534
41.431 61 NAVIGATION 0 2 0 0 0. 0.
41.449 61 ATTITUDE -3.092719 0. 1.193115
41.449 61 DESIRED 0. 0. 0. 0. 0. 50. 0.
41.548 61 ESTIMATOR 0. 0.
41.622 61 PONG 
41.648 61 WP_MOVED 2 360334.5 4813695. 75. 31
41.681 61 NAVIGATION 0 2 0 0 0. 0.
41.848 61 IR_SENSORS 369 -383 -977 -18 -368
41.931 61 COMMANDS 0,-9600,-2827
41.932 61 NAVIGATION 0 2 0 0 0. 0.
41.948 61 ATTITUDE -3.087298 0. 1.192099
41.949 61 DL_VALUE 28 0.
42.031 61 FBW_STATUS 2 1 35
42.048 61 ESTIMATOR 0. 0.
42.049 61 GPS_SOL 0 0 0 0
42.149 61 WP_MOVED 3 360295.09375 4813785. 75. 31
42.149 61 CALIBRATION 0. 0
42.149 61 DOWNLINK_STATUS 31 9623 551 0 330. 20. 2.17
42.181 61 NAVIGATION 0 2 0 0 0. 0.
42.431 61 NAVIGATION 0 2 0 0 0. 0.
42.449 61 ATTITUDE -3.087591 0. 1.191323
42.449 61 BAT 0 35 0 1 43 0 0
42.498 61 DESIRED 0. 0. 0. 0. 0. 50. 0.
42.548 61 ESTIMATOR 0. 0.
42.648 61 WP_MOVED 4 360417.3125 4813734. 75. 31
42.681 61 NAVIGATION 0 2 0 0 0. 0.
42.931 61 COMMANDS 0,-9600,-2846
42.932 61 NAVIGATION 0 2 0 0 0. 0.
42.948 61 ATTITUDE -3.090008 0. 1.19176
43.031 61 FBW_STATUS 2 1 35
43.048 61 ESTIMATOR 0. 0.
43.048 61 IR_SENSORS 364 -384 -972 -26 -364
43.149 61 WP_MOVED 5 360422. 4813583.5 75. 31
43.149 61 DOWNLINK_STATUS 32 9897 566 0 274. 15. 2.17
43.181 61 NAVIGATION 0 2 0 0 0. 0.
43.431 61 NAVIGATION 0 2 0 0 0. 0.
43.448 61 ATTITUDE -3.090008 0. 1.192777
43.448 61 DL_VALUE 29 -0.024
43.549 61 ESTIMATOR 0. 0.
43.549 61 DESIRED 0. 0. 0. 0. 0. 50. 0.
43.549 61 BAT 0 35 0 1 44 0 0
43.650 61 WP_MOVED 6 360165.8125 4813664.5 75. 31
43.681 61 NAVIGATION 0 2 0 0 0. 0.
43.931 61 COMMANDS 0,-9600,-2847
43.932 61 NAVIGATION 0 2 0 0 0. 0.
43.948 61 ATTITUDE -3.087298 0. 1.193115
44.031 61 FBW_STATUS 2 1 35
44.048 61 ESTIMATOR 0. 0.
44.048 61 GPS_SOL 0 0 0 0
44.131 61 ACTUATORS 1550,0,1781,0,0,0,1622
44.151 61 WP_MOVED 7 360559.40625 4813804.5 75. 31
44.151 61 DOWNLINK_STATUS 33 10204 583 0 307. 17. 2.17
44.181 61 NAVIGATION 0 2 0 0 0. 0.
44.247 61 IR_SENSORS 367 -384 -976 -22 -366
44.248 61 CALIBRATION 0. 0
44.431 61 NAVIGATION 0 2 0 0 0. 0.
44.447 61 ATTITUDE -3.087445 0. 1.191201
44.547 61 ESTIMATOR 0. 0.
44.597 61 DESIRED 0. 0. 0. 0. 0. 50. 0.
44.647 61 WP_MOVED 8 360462.40625 4813640. 30. 31
44.654 61 BAT 0 36 0 1 45 0 0
44.681 61 NAVIGATION 0 2 0 0 0. 0.
44.931 61 COMMANDS 0,-9600,-2865
44.932 61 NAVIGATION 0 2 0 0 0. 0.
44.947 61 ATTITUDE -3.081881 0. 1.192777
44.948 61 DL_VALUE 30 0.45
45.031 61 FBW_STATUS 2 1 35
45.047 61 ESTIMATOR 0. 0.
45.147 61 WP_MOVED 9 360313.8125 4813652. 0. 31
45.154 61 DOWNLINK_STATUS 34 10500 600 0 296. 17. 2.17
45.181 61 NAVIGATION 0 2 0 0 0. 0.
45.347 61 ALIVE 149,54,130,206,152,246,141,80,63,60,21,203,41,54,86,92
45.431 61 NAVIGATION 0 2 0 0 0. 0.
45.448 61 ATTITUDE -3.082042 0. 1.192557
45.448 61 IR_SENSORS 368 -385 -978 -22 -369
45.448 61 PPRZ_MODE 2 0 0 0 0 6
45.547 61 ESTIMATOR 0. 0.
45.648 61 WP_MOVED 10 360453.8125 4813581. 75. 31
45.654 61 DESIRED 0. 0. 0. 0. 0. 50. 0.
45.654 61 NAVIGATION_REF 360285 4813595 31
45.681 61 NAVIGATION 0 2 0 0 0. 0.
45.747 61 BAT 0 36 0 1 46 0 0
45.931 61 COMMANDS 0,-9600,-2839
45.932 61 NAVIGATION 0 2 0 0 0. 0.
45.947 61 ATTITUDE -3.090147 0. 1.19188
46.031 61 FBW_STATUS 2 1 35
46.047 61 ESTIMATOR 0. 0.
46.047 61 GPS_SOL 0 0 0 0
46.147 61 WP_MOVED 11 360170.5 4813757.5 75. 31
46.154 61 DOWNLINK_STATUS 35 10841 619 0 341. 19. 2.17
46.181 61 NAVIGATION 0 2 0 0 0. 0.
46.347 61 CALIBRATION 0. 0
46.431 61 NAVIGATION 0 2 0 0 0. 0.
46.447 61 ATTITUDE -3.090147 0. 1.192557
46.448 61 DL_VALUE 31 -0.012
46.448 61 DOWNLINK 209 311 625
46.547 61 ESTIMATOR 0. 0.
46.617 61 WIND_INFO 61 42 0. 0. 0.
46.619 61 WIND_INFO_RET 0. 0. 0.
46.621 61 PONG 
46.647 61 WP_MOVED 0 360327. 4813637. 75. 31
46.648 61 IR_SENSORS 364 -382 -969 -23 -363
46.681 61 NAVIGATION 0 2 0 0 0. 0.
46.706 61 DESIRED 0. 0. 0. 0. 0. 50. 0.
46.848 61 BAT 0 34 0 1 47 0 0
46.932 61 COMMANDS 0,-9600,-2862
46.932 61 NAVIGATION 0 2 0 0 0. 0.
46.947 61 ATTITUDE -3.090147 0. 1.19188
47.031 61 FBW_STATUS 2 1 35
47.047 61 ESTIMATOR 0. 0.
47.147 61 WP_MOVED 1 360285. 4813595. 75. 31
47.160 61 DOWNLINK_STATUS 36 11172 639 0 331. 20. 1.8
47.181 61 NAVIGATION 0 2 0 0 0. 0.
47.431 61 NAVIGATION 0 2 0 0 0. 0.
47.447 61 ATTITUDE -3.082042 0. 1.19188
47.547 61 ESTIMATOR 0. 0.
47.647 61 WP_MOVED 2 360334.5 4813695. 75. 31
47.681 61 NAVIGATION 0 2 0 0 0. 0.
47.747 61 DESIRED 0. 0. 0. 0. 0. 50. 0.
47.847 61 IR_SENSORS 369 -384 -978 -19 -370
47.930 61 COMMANDS 0,-9600,-2859
47.931 61 NAVIGATION 0 2 0 0 0. 0.
47.948 61 ATTITUDE -3.087445 0. 1.192219
47.948 61 BAT 0 35 0 1 49 0 0
47.948 61 DL_VALUE 32 0.01
48.030 61 FBW_STATUS 2 1 35
48.047 61 ESTIMATOR 0. 0.
48.047 61 GPS_SOL 0 0 0 0
48.147 61 WP_MOVED 3 360295.09375 4813785. 75. 31
48.160 61 DOWNLINK_STATUS 37 11474 656 0 302. 17. 1.8
48.181 61 NAVIGATION 0 2 0 0 0. 0.
48.430 61 NAVIGATION 0 2 0 0 0. 0.
48.447 61 ATTITUDE -3.082042 0. 1.192557
48.447 61 CALIBRATION 0. 0
48.547 61 ESTIMATOR 0. 0.
48.647 61 WP_MOVED 4 360417.3125 4813734. 75. 31
48.680 61 NAVIGATION 0 2 0 0 0. 0.
48.797 61 DESIRED 0. 0. 0. 0. 0. 50. 0.
48.930 61 COMMANDS 0,-9600,-2860
48.931 61 NAVIGATION 0 2 0 0 0. 0.
48.947 61 ATTITUDE -3.081881 0. 1.193452
49.030 61 FBW_STATUS 2 1 35
49.048 61 ESTIMATOR 0. 0.
49.048 61 BAT 0 36 0 1 50 0 0
49.048 61 IR_SENSORS 364 -384 -972 -26 -364
49.130 61 ACTUATORS 1550,0,1782,0,0,0,1621
49.147 61 WP_MOVED 5 360422. 4813583.5 75. 31
49.160 61 DOWNLINK_STATUS 38 11780 673 0 306. 17. 1.8
49.180 61 NAVIGATION 0 2 0 0 0. 0.
49.430 61 NAVIGATION 0 2 0 0 0. 0.
49.447 61 ATTITUDE -3.081881 0. 1.192777
49.448 61 DL_VALUE 33 0.
49.547 61 ESTIMATOR 0. 0.
49.647 61 WP_MOVED 6 360165.8125 4813664.5 75. 31
49.680 61 NAVIGATION 0 2 0 0 0. 0.
49.847 61 DESIRED 0. 0. 0. 0. 0. 50. 0.
49.930 61 COMMANDS 0,-9600,-2853
49.931 61 NAVIGATION 0 2 0 0 0. 0.
49.947 61 ATTITUDE -3.079174 0. 1.194125
50.030 61 FBW_STATUS 2 1 35
50.047 61 ESTIMATOR 0. 0.
50.047 61 GPS_SOL 0 0 0 0
50.147 61 WP_MOVED 7 360559.40625 4813804.5 75. 31
50.148 61 BAT 0 36 0 1 51 0 0
50.160 61 DOWNLINK_STATUS 39 12066 689 0 286. 16. 1.8
50.180 61 NAVIGATION 0 2 0 0 0. 0.
50.247 61 IR_SENSORS 368 -384 -977 -20 -369
50.347 61 ALIVE 149,54,130,206,152,246,141,80,63,60,21,203,41,54,86,92
50.430 61 NAVIGATION 0 2 0 0 0. 0.
50.447 61 ATTITUDE -3.087298 0. 1.193115
50.448 61 PPRZ_MODE 2 0 0 0 0 6
50.547 61 ESTIMATOR 0. 0.
50.547 61 CALIBRATION 0. 0
50.647 61 WP_MOVED 8 360462.40625 4813640. 30. 31
50.680 61 NAVIGATION 0 2 0 0 0. 0.
50.898 61 DESIRED 0. 0. 0. 0. 0. 50. 0.
50.930 61 COMMANDS 0,-9600,-2859
50.931 61 NAVIGATION 0 2 0 0 0. 0.
50.947 61 ATTITUDE -3.087445 0. 1.192219
50.947 61 DL_VALUE 34 -60.
51.030 61 FBW_STATUS 2 1 35
51.047 61 ESTIMATOR 0. 0.
51.147 61 WP_MOVED 9 360313.8125 4813652. 0. 31
51.160 61 DOWNLINK_STATUS 40 12379 707 0 313. 18. 1.8
51.180 61 NAVIGATION 0 2 0 0 0. 0.
51.247 61 BAT 0 37 0 1 52 0 0
51.430 61 NAVIGATION 0 2 0 0 0. 0.
51.447 61 ATTITUDE -3.081881 0. 1.193452
51.448 61 IR_SENSORS 368 -385 -978 -22 -368
51.547 61 ESTIMATOR 0. 0.
51.547 61 DOWNLINK 209 306 714
51.622 61 PONG 
51.647 61 WP_MOVED 10 360453.8125 4813581. 75. 31
51.680 61 NAVIGATION 0 2 0 0 0. 0.
51.930 61 COMMANDS 0,-9600,-2861
51.931 61 NAVIGATION 0 2 0 0 0. 0.
51.948 61 ATTITUDE -3.087445 0. 1.192219
51.948 61 DESIRED 0. 0. 0. 0. 0. 50. 0.
52.030 61 FBW_STATUS 2 1 35
52.048 61 ESTIMATOR 0. 0.
52.048 61 GPS_SOL 0 0 0 0
52.147 61 WP_MOVED 11 360170.5 4813757.5 75. 31
52.160 61 DOWNLINK_STATUS 41 12687 725 0 308. 18. 2.17
52.180 61 NAVIGATION 0 2 0 0 0. 0.
52.347 61 BAT 0 34 0 1 53 0 0
52.430 61 NAVIGATION 0 2 0 0 0. 0.
52.447 61 ATTITUDE -3.079343 0. 1.192219
52.448 61 DL_VALUE 35 50.
52.547 61 ESTIMATOR 0. 0.
52.648 61 WP_MOVED 0 360327. 4813637. 75. 31
52.648 61 IR_SENSORS 364 -385 -973 -27 -365
52.660 61 CALIBRATION 0. 0
52.680 61 NAVIGATION 0 2 0 0 0. 0.
52.931 61 COMMANDS 0,-9600,-2867
52.931 61 NAVIGATION 0 2 0 0 0. 0.
52.947 61 ATTITUDE -3.081881 0. 1.193452
52.997 61 DESIRED 0. 0. 0. 0. 0. 50. 0.
53.030 61 FBW_STATUS 2 1 35
53.047 61 ESTIMATOR 0. 0.
53.147 61 WP_MOVED 1 360285. 4813595. 75. 31
53.160 61 DOWNLINK_STATUS 42 12983 742 0 296. 17. 2.17
53.181 61 NAVIGATION 0 2 0 0 0. 0.
53.430 61 NAVIGATION 0 2 0 0 0. 0.
53.447 61 ATTITUDE -3.087151 0. 1.194012
53.448 61 BAT 0 35 0 1 54 0 0
53.547 61 ESTIMATOR 0. 0.
53.647 61 WP_MOVED 2 360334.5 4813695. 75. 31
53.680 61 NAVIGATION 0 2 0 0 0. 0.
53.847 61 IR_SENSORS 370 -385 -981 -19 -371
53.930 61 COMMANDS 0,-9600,-2850
53.931 61 NAVIGATION 0 2 0 0 0. 0.
53.947 61 ATTITUDE -3.087445 0. 1.192219
53.948 61 DL_VALUE 36 0.2
54.030 61 FBW_STATUS 2 1 35
54.048 61 ESTIMATOR 0. 0.
54.048 61 DESIRED 0. 0. 0. 0. 0. 50. 0.
54.048 61 GPS_SOL 0 0 0 0
54.130 61 ACTUATORS 1550,0,1781,0,0,0,1622
54.147 61 WP_MOVED 3 360295.09375 4813785. 75. 31
54.160 61 DOWNLINK_STATUS 43 13306 760 0 323. 18. 2.17
54.180 61 NAVIGATION 0 2 0 0 0. 0.
54.430 61 NAVIGATION 0 2 0 0 0. 0.
54.447 61 ATTITUDE -3.082042 0. 1.19188
54.547 61 ESTIMATOR 0. 0.
54.548 61 BAT 0 35 0 1 55 0 0
54.647 61 WP_MOVED 4 360417.3125 4813734. 75. 31
54.648 61 NAVIGATION_REF 360285 4813595 31
54.680 61 NAVIGATION 0 2 0 0 0. 0.
54.747 61 CALIBRATION 0. 0
54.930 61 COMMANDS 0,-9600,-2861
54.931 61 NAVIGATION 0 2 0 0 0. 0.
54.947 61 ATTITUDE -3.087591 0. 1.193011
55.030 61 FBW_STATUS 2 1 35
55.047 61 ESTIMATOR 0. 0.
55.047 61 IR_SENSORS 364 -386 -974 -28 -364
55.097 61 DESIRED 0. 0. 0. 0. 0. 50. 0.
55.147 61 WP_MOVED 5 360422. 4813583.5 75. 31
55.160 61 DOWNLINK_STATUS 44 13606 777 0 300. 17. 2.17
55.180 61 NAVIGATION 0 2 0 0 0. 0.
55.347 61 ALIVE 149,54,130,206,152,246,141,80,63,60,21,203,41,54,86,92
55.430 61 NAVIGATION 0 2 0 0 0. 0.
55.447 61 ATTITUDE -3.087445 0. 1.193231
55.448 61 DL_VALUE 37 0.05
55.448 61 PPRZ_MODE 2 0 0 0 0 6
55.546 61 ESTIMATOR 0. 0.
55.647 61 WP_MOVED 6 360165.8125 4813664.5 75. 31
55.648 61 BAT 0 36 0 1 56 0 0
55.680 61 NAVIGATION 0 2 0 0 0. 0.
55.930 61 COMMANDS 0,-9600,-2858
55.931 61 NAVIGATION 0 2 0 0 0. 0.
55.946 61 ATTITUDE -3.081881 0. 1.193452
56.030 61 FBW_STATUS 2 1 35
56.046 61 ESTIMATOR 0. 0.
56.046 61 GPS_SOL 0 0 0 0
56.146 61 WP_MOVED 7 360559.40625 4813804.5 75. 31
56.147 61 DESIRED 0. 0. 0. 0. 0. 50. 0.
56.160 61 DOWNLINK_STATUS 45 13927 795 0 321. 18. 2.17
56.180 61 NAVIGATION 0 2 0 0 0. 0.
56.246 61 IR_SENSORS 367 -385 -977 -23 -368
56.430 61 NAVIGATION 0 2 0 0 0. 0.
56.446 61 ATTITUDE -3.076643 0. 1.193567
56.546 61 ESTIMATOR 0. 0.
56.617 61 WIND_INFO 61 42 0. 0. 0.
56.619 61 WIND_INFO_RET 0. 0. 0.
56.621 61 PONG 
56.646 61 WP_MOVED 8 360462.40625 4813640. 30. 31
56.647 61 DOWNLINK 209 308 804
56.680 61 NAVIGATION 0 2 0 0 0. 0.
56.746 61 BAT 0 35 0 1 57 0 0
56.846 61 CALIBRATION 0. 0
56.930 61 COMMANDS 0,-9600,-2871
56.931 61 NAVIGATION 0 2 0 0 0. 0.
56.946 61 ATTITUDE -3.087445 0. 1.193231
56.947 61 DL_VALUE 38 0.
57.030 61 FBW_STATUS 2 1 35
57.046 61 ESTIMATOR 0. 0.
57.146 61 WP_MOVED 9 360313.8125 4813652. 0. 31
57.164 61 DOWNLINK_STATUS 46 14224 814 0 297. 19. 1.8
57.180 61 NAVIGATION 0 2 0 0 0. 0.
57.196 61 DESIRED 0. 0. 0. 0. 0. 50. 0.
57.430 61 NAVIGATION 0 2 0 0 0. 0.
57.446 61 ATTITUDE -3.076643 0. 1.192557
57.447 61 IR_SENSORS 367 -386 -978 -24 -369
57.546 61 ESTIMATOR 0. 0.
57.646 61 WP_MOVED 10 360453.8125 4813581. 75. 31
57.680 61 NAVIGATION 0 2 0 0 0. 0.
57.846 61 BAT 0 35 0 1 58 0 0
57.931 61 COMMANDS 0,-9600,-2868
57.931 61 NAVIGATION 0 2 0 0 0. 0.
57.946 61 ATTITUDE -3.087298 0. 1.194125
58.030 61 FBW_STATUS 2 1 35
58.046 61 ESTIMATOR 0. 0.
58.046 61 GPS_SOL 0 0 0 0
58.146 61 WP_MOVED 11 360170.5 4813757.5 75. 31
58.168 61 DOWNLINK_STATUS 47 14515 830 0 291. 16. 1.8
58.180 61 NAVIGATION 0 2 0 0 0. 0.
58.246 61 DESIRED 0. 0. 0. 0. 0. 50. 0.
58.430 61 NAVIGATION 0 2 0 0 0. 0.
58.446 61 ATTITUDE -3.087445 0. 1.193231
58.447 61 DL_VALUE 39 -0.03
58.546 61 ESTIMATOR 0. 0.
58.646 61 WP_MOVED 0 360327. 4813637. 75. 31
58.647 61 IR_SENSORS 363 -385 -972 -28 -364
58.680 61 NAVIGATION 0 2 0 0 0. 0.
58.929 61 COMMANDS 0,-9600,-2869
58.930 61 NAVIGATION 0 2 0 0 0. 0.
58.947 61 ATTITUDE -3.076468 0. 1.194461
58.947 61 BAT 0 35 0 1 60 0 0
58.947 61 CALIBRATION 0. 0
59.030 61 FBW_STATUS 2 1 35
59.046 61 ESTIMATOR 0. 0.
59.129 61 ACTUATORS 1550,0,1782,0,0,0,1621
59.146 61 WP_MOVED 1 360285. 4813595. 75. 31
59.172 61 DOWNLINK_STATUS 48 14832 848 0 317. 18. 1.8
59.180 61 NAVIGATION 0 2 0 0 0. 0.
59.296 61 DESIRED 0. 0. 0. 0. 0. 50. 0.
59.430 61 NAVIGATION 0 2 0 0 0. 0.
59.446 61 ATTITUDE -3.076643 0. 1.193567
59.546 61 ESTIMATOR 0. 0.
59.646 61 WP_MOVED 2 360334.5 4813695. 75. 31
59.679 61 NAVIGATION 0 2 0 0 0. 0.
59.846 61 IR_SENSORS 368 -388 -982 -26 -369
59.929 61 COMMANDS 0,-9600,-2869
59.930 61 NAVIGATION 0 2 0 0 0. 0.
59.946 61 ATTITUDE -3.068552 0. 1.193567
59.947 61 DL_VALUE 40 0.
60.029 61 FBW_STATUS 2 1 35
60.046 61 ESTIMATOR 0. 0.
60.047 61 BAT 0 35 0 1 61 0 0
60.047 61 GPS_SOL 0 0 0 0
60.146 61 WP_MOVED 3 360295.09375 4813785. 75. 31
60.178 61 DOWNLINK_STATUS 49 15134 865 0 302. 17. 1.8
60.179 61 NAVIGATION 0 2 0 0 0. 0.
60.347 61 DESIRED 0. 0. 0. 0. 0. 50. 0.
60.347 61 ALIVE 149,54,130,206,152,246,141,80,63,60,21,203,41,54,86,92
60.429 61 NAVIGATION 0 2 0 0 0. 0.
60.446 61 ATTITUDE -3.087298 0. 1.194125
60.447 61 PPRZ_MODE 2 0 0 0 0 6
60.546 61 ESTIMATOR 0. 0.
60.646 61 WP_MOVED 4 360417.3125 4813734. 75. 31
60.679 61 NAVIGATION 0 2 0 0 0. 0.
60.929 61 COMMANDS 0,-9600,-2870
60.930 61 NAVIGATION 0 2 0 0 0. 0.
60.946 61 ATTITUDE -3.076643 0. 1.192557
61.029 61 FBW_STATUS 2 1 35
61.047 61 ESTIMATOR 0. 0.
61.047 61 IR_SENSORS 364 -387 -976 -29 -363
61.047 61 CALIBRATION 0. 0
61.146 61 WP_MOVED 5 360422. 4813583.5 75. 31
61.147 61 BAT 0 37 0 1 62 0 0
61.180 61 NAVIGATION 0 2 0 0 0. 0.
61.180 61 DOWNLINK_STATUS 50 15474 884 0 340. 19. 1.8
61.396 61 DESIRED 0. 0. 0. 0. 0. 50. 0.
61.429 61 NAVIGATION 0 2 0 0 0. 0.
61.446 61 ATTITUDE -3.082042 0. 1.192557
61.446 61 DL_VALUE 41 -0.8
61.546 61 ESTIMATOR 0. 0.
61.622 61 PONG 
61.646 61 WP_MOVED 6 360165.8125 4813664.5 75. 31
61.679 61 NAVIGATION 0 2 0 0 0. 0.
61.746 61 DOWNLINK 209 305 893
61.929 61 COMMANDS 0,-9600,-2887
61.930 61 NAVIGATION 0 2 0 0 0. 0.
61.946 61 ATTITUDE -3.079174 0. 1.194125
62.029 61 FBW_STATUS 2 1 35
62.046 61 ESTIMATOR 0. 0.
62.046 61 GPS_SOL 0 0 0 0
62.146 61 WP_MOVED 7 360559.40625 4813804.5 75. 31
62.180 61 NAVIGATION 0 2 0 0 0. 0.
62.181 61 DOWNLINK_STATUS 51 15759 901 0 285. 17. 2.18
62.246 61 BAT 0 35 0 1 63 0 0
62.247 61 IR_SENSORS 369 -388 -984 -24 -368
62.429 61 NAVIGATION 0 2 0 0 0. 0.
62.447 61 ATTITUDE -3.07951 0. 1.193011
62.447 61 DESIRED 0. 0. 0. 0. 0. 50. 0.
62.546 61 ESTIMATOR 0. 0.
62.646 61 WP_MOVED 8 360462.40625 4813640. 30. 31
62.679 61 NAVIGATION 0 2 0 0 0. 0.
62.930 61 COMMANDS 0,-9600,-2877
62.930 61 NAVIGATION 0 2 0 0 0. 0.
62.947 61 ATTITUDE -3.079174 0. 1.194795
62.947 61 DL_VALUE 42 0.
63.029 61 FBW_STATUS 2 1 35
63.048 61 ESTIMATOR 0. 0.
63.147 61 WP_MOVED 9 360313.8125 4813652. 0. 31
63.147 61 CALIBRATION 0. 0
63.180 61 NAVIGATION 0 2 0 0 0. 0.
63.180 61 DOWNLINK_STATUS 52 16055 918 0 296. 17. 2.18
63.347 61 BAT 0 35 0 1 64 0 0
63.429 61 NAVIGATION 0 2 0 0 0. 0.
63.446 61 ATTITUDE -3.068552 0. 1.193567
63.447 61 IR_SENSORS 367 -388 -981 -27 -369
63.496 61 DESIRED 0. 0. 0. 0. 0. 50. 0.
63.546 61 ESTIMATOR 0. 0.
63.646 61 WP_MOVED 10 360453.8125 4813581. 75. 31
63.647 61 NAVIGATION_REF 360285 4813595 31
63.679 61 NAVIGATION 0 2 0 0 0. 0.
63.930 61 COMMANDS 0,-9600,-2888
63.930 61 NAVIGATION 0 2 0 0 0. 0.
63.946 61 ATTITUDE -3.076643 0. 1.192557
64.029 61 FBW_STATUS 2 1 35
64.046 61 ESTIMATOR 0. 0.
64.047 61 GPS_SOL 0 0 0 0
64.129 61 ACTUATORS 1550,0,1781,0,0,0,1622
64.146 61 WP_MOVED 11 360170.5 4813757.5 75. 31
64.180 61 NAVIGATION 0 2 0 0 0. 0.
64.180 61 DOWNLINK_STATUS 53 16382 936 0 327. 18. 2.18
64.429 61 NAVIGATION 0 2 0 0 0. 0.
64.447 61 ATTITUDE -3.087445 0. 1.193903
64.447 61 BAT 0 35 0 1 65 0 0
64.447 61 DL_VALUE 43 1.
